010
021
022
023
0311
0310
0319
0312
0313
0314
0315
0335
0317
0316
0318
0351
0352
0353
0355
0349
0354
0358
0357
0359
0471
0472
0476
0479
0470
0475
0477
0482
024
0411
0412
0413
0414
0415
0416
0417
0418
0419
0410
0431
0423
0434
0437
0435
0439
0436
0433
0440
0451
0452
0459
0458
0453
0454
0455
0457
0456
025
0516
0518
0517
0527
0515
0514
0513
0511
0519
0510
0512
0520
0571
0574
0573
0572
0575
0579
0570
0580
0577
0576
0551
0554
0552
0555
0556
0559
0550
0557
0565
0563
0591
0592
0598
0594
0595
0596
0599
0593
0597
0791
0798
0790
0792
0701
0793
0795
0794
0796
0797
0531
0532
0533
0536
0535
0631
0537
0633
0534
0530
0371
0378
0379
0373
0393
0370
0377
0394
0396
027
0714
0710
0719
0717
0724
0712
0713
0718
0716
0731
0733
0732
0734
0730
0736
0735
0737
0746
0745
0744
020
0755
0756
0754
0751
0752
0769
0760
0757
0759
0771
0772
0773
0774
0779
0777
0898
0899
0890
028
0812
0838
0816
0813
0832
0833
0830
0831
0851
0852
0853
0858
0871
0870
0874
0877
0879
0888
0873
0878
029
0919
0917
0913
0914
0891
0892
08018
08059
0897
0931
0935
0938
0933
0937
0937
0971
0972
0979
0975
0951
0952
0953
0954
0991
0990
0995
0998
0908
0996